# IMAGENAME X Y Z POSCOV EL AZ ELSIGMA AZSIGMA ATTCOV
frame00000.jpg -742015.4714231539 -5462219.5050198575 3198014.3131025913 0.0000117909 0.0000107409 -0.0000064243 0.0000823501 -0.0000290081 0.0000237172 0.0207936559 3.6497714520 0.0326205492 0.0138470307 0.0000084325 0.0000039815 -0.0000028941 0.0000359987 -0.0000110704 0.0000133988
frame00001.jpg -742015.4695894503 -5462219.5062835095 3198014.3105860259 0.0000119433 0.0000108580 -0.0000066258 0.0000814374 -0.0000288299 0.0000237442 0.0196185987 3.6427690983 0.0325686596 0.0138262091 0.0000084830 0.0000040951 -0.0000030050 0.0000357718 -0.0000110669 0.0000133940
frame00002.jpg -742015.4706101444 -5462219.5124105522 3198014.3160759402 0.0000117560 0.0000108861 -0.0000065178 0.0000814241 -0.0000288222 0.0000237512 0.0390322506 3.6401853561 0.0324860252 0.0137864817 0.0000083411 0.0000040779 -0.0000029104 0.0000357161 -0.0000110166 0.0000133632
frame00003.jpg -742015.4703558340 -5462219.5100538982 3198014.3118955186 0.0000117042 0.0000105064 -0.0000063273 0.0000826550 -0.0000292293 0.0000238745 0.0402878225 3.6462020874 0.0324923024 0.0137677379 0.0000083149 0.0000039841 -0.0000028759 0.0000357778 -0.0000110265 0.0000133332
frame00004.jpg -742015.4721463183 -5462219.5093865274 3198014.3138499632 0.0000115545 0.0000105075 -0.0000063527 0.0000813172 -0.0000286823 0.0000236499 0.0482975356 3.6521899700 0.0324577428 0.0137363821 0.0000082715 0.0000039534 -0.0000028885 0.0000357122 -0.0000110241 0.0000134077
frame00005.jpg -742015.4696677972 -5462219.5031604739 3198014.3108172398 0.0000117519 0.0000106462 -0.0000064067 0.0000824431 -0.0000291121 0.0000238743 0.0255632140 3.6486294270 0.0325391069 0.0138179483 0.0000084210 0.0000040335 -0.0000029433 0.0000357892 -0.0000110190 0.0000134019
frame00006.jpg -742015.4709594626 -5462219.5085104946 3198014.3137856722 0.0000118147 0.0000108670 -0.0000065271 0.0000822615 -0.0000291630 0.0000240406 0.0289841350 3.6506316662 0.0325376764 0.0138499485 0.0000084059 0.0000040325 -0.0000028857 0.0000357568 -0.0000110602 0.0000134344
frame00007.jpg -742015.4711042218 -5462219.5084738946 3198014.3133812472 0.0000115802 0.0000105592 -0.0000063504 0.0000810091 -0.0000285698 0.0000235093 0.0266543347 3.6449656487 0.0326078832 0.0138187502 0.0000083557 0.0000039745 -0.0000028602 0.0000359769 -0.0000110770 0.0000134459
frame00008.jpg -742015.4706557000 -5462219.5119452700 3198014.3142439825 0.0000116644 0.0000106871 -0.0000063452 0.0000811230 -0.0000285096 0.0000234407 0.0403372273 3.6411886215 0.0325053446 0.0138526736 0.0000084447 0.0000041182 -0.0000029415 0.0000357554 -0.0000110333 0.0000133611
frame00009.jpg -742015.4677789123 -5462219.5065234024 3198014.3114849967 0.0000117213 0.0000108785 -0.0000064691 0.0000813528 -0.0000288308 0.0000237455 0.0250539389 3.6436960697 0.0325782597 0.0138269281 0.0000084010 0.0000040969 -0.0000029202 0.0000357697 -0.0000111240 0.0000134373
frame00010.jpg -742015.4733278794 -5462219.5105349105 3198014.3148662001 0.0000116722 0.0000105657 -0.0000063536 0.0000828138 -0.0000293906 0.0000239155 0.0208976530 3.6550707817 0.0325576514 0.0137633728 0.0000083201 0.0000039610 -0.0000028821 0.0000358312 -0.0000110444 0.0000133833
frame00011.jpg -742015.4704399242 -5462219.5135923643 3198014.3162337779 0.0000116305 0.0000106883 -0.0000064075 0.0000812613 -0.0000287472 0.0000236153 0.0408902504 3.6469690800 0.0324647948 0.0137586240 0.0000082803 0.0000040381 -0.0000028710 0.0000357077 -0.0000109989 0.0000133354
frame00012.jpg -742015.4702544907 -5462219.5135515910 3198014.3146095797 0.0000119343 0.0000108271 -0.0000065229 0.0000826541 -0.0000293501 0.0000240046 0.0377776138 3.6491446495 0.0326018296 0.0138254343 0.0000084199 0.0000039929 -0.0000029221 0.0000359595 -0.0000111323 0.0000134330
frame00013.jpg -742015.4688253364 -5462219.5164594678 3198014.3171550729 0.0000118938 0.0000108774 -0.0000065178 0.0000825107 -0.0000289813 0.0000237636 0.0394876488 3.6396057606 0.0325248316 0.0138380481 0.0000084322 0.0000040772 -0.0000029430 0.0000358170 -0.0000110330 0.0000133880
frame00014.jpg -742015.4714280466 -5462219.5130569860 3198014.3152906802 0.0000115934 0.0000106154 -0.0000063095 0.0000810289 -0.0000286094 0.0000234858 0.0407124944 3.6489362717 0.0324658155 0.0138111003 0.0000083541 0.0000040473 -0.0000028759 0.0000357295 -0.0000109866 0.0000133064
frame00015.jpg -742015.4723626836 -5462219.5101978006 3198014.3153535733 0.0000119045 0.0000111283 -0.0000066567 0.0000822022 -0.0000291099 0.0000238640 0.0200117473 3.6562042236 0.0326709785 0.0138689717 0.0000085044 0.0000041419 -0.0000029917 0.0000359829 -0.0000111554 0.0000134626
frame00016.jpg -742015.4714228085 -5462219.5140007418 3198014.3140424946 0.0000118412 0.0000105182 -0.0000063555 0.0000824894 -0.0000289700 0.0000237547 0.0243437123 3.6301577091 0.0325979963 0.0138213197 0.0000083816 0.0000039814 -0.0000028692 0.0000359975 -0.0000110398 0.0000133624
frame00017.jpg -742015.4706394466 -5462219.5147208869 3198014.3175144596 0.0000119314 0.0000108285 -0.0000064972 0.0000835550 -0.0000296311 0.0000241227 -0.0061006718 3.6281001568 0.0325944088 0.0137854423 0.0000083660 0.0000040994 -0.0000029158 0.0000358185 -0.0000110438 0.0000133113
frame00018.jpg -742015.4715884229 -5462219.5199351944 3198014.3204120006 0.0000126225 0.0000114809 -0.0000071563 0.0000839940 -0.0000298699 0.0000244703 0.0334742330 3.6048803329 0.0329312384 0.0141662024 0.0000091373 0.0000044244 -0.0000034230 0.0000364124 -0.0000113994 0.0000137688
frame00019.jpg -742015.4670763656 -5462219.5247308593 3198014.3386151567 0.0000120344 0.0000112270 -0.0000067627 0.0000826410 -0.0000293795 0.0000240084 0.1064682007 3.6555986404 0.0327096879 0.0140510909 0.0000087690 0.0000044274 -0.0000032263 0.0000365187 -0.0000114475 0.0000136561
frame00020.jpg -742015.3637493539 -5462219.5871601347 3198014.4808085035 0.0000117735 0.0000106852 -0.0000064401 0.0000814802 -0.0000287265 0.0000235033 0.0002922212 4.5555090904 0.0330320075 0.0153529048 0.0000098259 0.0000046375 -0.0000038864 0.0000362271 -0.0000115081 0.0000139741
frame00021.jpg -742015.1184179859 -5462219.8974945340 3198014.5632894584 0.0000116298 0.0000107507 -0.0000063743 0.0000813660 -0.0000285024 0.0000233431 -0.0502470247 4.7957963943 0.0330139101 0.0159806516 0.0000097930 0.0000047020 -0.0000038567 0.0000361819 -0.0000114567 0.0000139323
frame00022.jpg -742014.6542620109 -5462220.2686473336 3198014.6165730865 0.0000142598 0.0000145073 -0.0000051013 0.0000939657 -0.0000284326 0.0000248075 0.0376317613 4.7811727524 0.0330620781 0.0159387458 0.0000098831 0.0000047568 -0.0000039231 0.0000363439 -0.0000116221 0.0000140725
frame00023.jpg -742014.4699432610 -5462220.4076397354 3198014.5760327550 0.0000151358 0.0000159664 -0.0000044365 0.0000977007 -0.0000276940 0.0000250737 0.0667382032 4.7916250229 0.0328338481 0.0159902051 0.0000097900 0.0000047052 -0.0000038637 0.0000361355 -0.0000114335 0.0000139271
frame00024.jpg -742014.4699432610 -5462220.4076397354 3198014.5760327550 0.0000151358 0.0000159664 -0.0000044365 0.0000977007 -0.0000276940 0.0000250737 0.0313306823 4.8080859184 0.0330014266 0.0160323326 0.0000098042 0.0000046213 -0.0000038566 0.0000363160 -0.0000114942 0.0000139854
frame00025.jpg -742014.4699432610 -5462220.4076397354 3198014.5760327550 0.0000151358 0.0000159664 -0.0000044365 0.0000977007 -0.0000276940 0.0000250737 0.0307942703 4.8237228394 0.0330957770 0.0160549320 0.0000098752 0.0000047433 -0.0000039080 0.0000363540 -0.0000116530 0.0000141405
frame00026.jpg -742014.4699432610 -5462220.4076397354 3198014.5760327550 0.0000151358 0.0000159664 -0.0000044365 0.0000977007 -0.0000276940 0.0000250737 0.0728568286 4.7479567528 0.0328186303 0.0159031972 0.0000097745 0.0000046706 -0.0000038822 0.0000360843 -0.0000114741 0.0000140102
frame00027.jpg -742014.4699432610 -5462220.4076397354 3198014.5760327550 0.0000151358 0.0000159664 -0.0000044365 0.0000977007 -0.0000276940 0.0000250737 0.1030518189 4.6761183739 0.0322036408 0.0156744234 0.0000083704 0.0000040551 -0.0000029007 0.0000356034 -0.0000109448 0.0000132840
frame00028.jpg -742014.4699432610 -5462220.4076397354 3198014.5760327550 0.0000151358 0.0000159664 -0.0000044365 0.0000977007 -0.0000276940 0.0000250737 0.0596189126 4.6850576401 0.0323810950 0.0156788714 0.0000083687 0.0000039740 -0.0000029049 0.0000357157 -0.0000109165 0.0000132941
frame00029.jpg -742014.4699432610 -5462220.4076397354 3198014.5760327550 0.0000151358 0.0000159664 -0.0000044365 0.0000977007 -0.0000276940 0.0000250737 -0.1080424264 4.7299332619 0.0324820355 0.0157949999 0.0000083600 0.0000040019 -0.0000028898 0.0000357592 -0.0000110218 0.0000133450
frame00030.jpg -742014.4699432610 -5462220.4076397354 3198014.5760327550 0.0000151358 0.0000159664 -0.0000044365 0.0000977007 -0.0000276940 0.0000250737 -0.1309274286 4.7844500542 0.0324120112 0.0159622449 0.0000084187 0.0000040698 -0.0000028939 0.0000357954 -0.0000109676 0.0000133179
frame00031.jpg 0.0000000000 0.0000000000 0.0000000000 0.0000000000 0.0000000000 0.0000000000 0.0000000000 0.0000000000 0.0000000000 0.0082625058 4.7610640526 0.0324437320 0.0157948080 0.0000083181 0.0000040134 -0.0000029430 0.0000355664 -0.0000108862 0.0000133148
frame00032.jpg 0.0000000000 0.0000000000 0.0000000000 0.0000000000 0.0000000000 0.0000000000 0.0000000000 0.0000000000 0.0000000000 0.1427076310 4.6991782188 0.0319736972 0.0158072729 0.0000082416 0.0000040036 -0.0000028192 0.0000356431 -0.0000108691 0.0000131947
frame00033.jpg 0.0000000000 0.0000000000 0.0000000000 0.0000000000 0.0000000000 0.0000000000 0.0000000000 0.0000000000 0.0000000000 0.1596944183 4.4998574257 0.0319650136 0.0154397450 0.0000084408 0.0000040297 -0.0000029911 0.0000356536 -0.0000110216 0.0000134448
frame00034.jpg 0.0000000000 0.0000000000 0.0000000000 0.0000000000 0.0000000000 0.0000000000 0.0000000000 0.0000000000 0.0000000000 0.1604788601 4.3501939774 0.0319938622 0.0151147498 0.0000082990 0.0000039228 -0.0000028525 0.0000358631 -0.0000110058 0.0000133865
frame00035.jpg 0.0000000000 0.0000000000 0.0000000000 0.0000000000 0.0000000000 0.0000000000 0.0000000000 0.0000000000 0.0000000000 0.1678532809 4.3693909645 0.0318200253 0.0151626375 0.0000083598 0.0000040463 -0.0000028941 0.0000356151 -0.0000108536 0.0000132278
frame00036.jpg -742010.0439246004 -5462221.4392482247 3198014.1685603042 0.0000118044 0.0000106568 -0.0000064751 0.0000831842 -0.0000294450 0.0000241667 0.1356697083 4.6676683426 0.0321116261 0.0157550145 0.0000083367 0.0000039891 -0.0000028827 0.0000358135 -0.0000109735 0.0000133099
frame00037.jpg -742009.9740650662 -5462221.4022521963 3198014.2475077575 0.0000116801 0.0000105555 -0.0000063516 0.0000813362 -0.0000285578 0.0000234529 -0.0457659215 4.8628935814 0.0325157456 0.0159025639 0.0000082955 0.0000039236 -0.0000028287 0.0000356967 -0.0000109653 0.0000132610
frame00038.jpg -742010.0562884156 -5462221.2970469184 3198014.3295871811 0.0000118459 0.0000110683 -0.0000065410 0.0000828404 -0.0000291620 0.0000236909 -0.0211865325 4.8297529221 0.0324665904 0.0158752315 0.0000083274 0.0000039750 -0.0000028807 0.0000356127 -0.0000108806 0.0000132392
frame00039.jpg -742010.5339887431 -5462221.1193204205 3198014.4379647877 0.0000116282 0.0000105301 -0.0000062932 0.0000817568 -0.0000287601 0.0000235150 -0.0157537423 4.8582267761 0.0325344913 0.0158711132 0.0000082967 0.0000040208 -0.0000028653 0.0000357303 -0.0000109729 0.0000132444
frame00040.jpg -742011.0979067666 -5462220.8225342529 3198014.7597467466 0.0000117817 0.0000104866 -0.0000063662 0.0000821916 -0.0000288495 0.0000236711 -0.0084106456 4.9125251770 0.0325587355 0.0159986448 0.0000084207 0.0000040059 -0.0000028695 0.0000358310 -0.0000109588 0.0000132893
frame00041.jpg -742011.6535641715 -5462220.4972539181 3198015.2091453210 0.0000119048 0.0000105929 -0.0000064998 0.0000823093 -0.0000288966 0.0000237152 0.0100579187 4.8270487785 0.0325787105 0.0159057956 0.0000084764 0.0000039740 -0.0000029419 0.0000358898 -0.0000110049 0.0000133430
frame00042.jpg -742012.1266204630 -5462220.1007910464 3198015.6787234140 0.0000115443 0.0000104214 -0.0000062222 0.0000815021 -0.0000285602 0.0000233832 0.0500090830 5.0727095604 0.0324510820 0.0161723122 0.0000083438 0.0000039976 -0.0000028968 0.0000358279 -0.0000109407 0.0000132944
frame00043.jpg -742012.6641617771 -5462219.8540582666 3198015.9777054582 0.0000116993 0.0000105906 -0.0000063120 0.0000820928 -0.0000287057 0.0000234691 -0.0062830476 5.0093297958 0.0325324275 0.0160127785 0.0000082906 0.0000039724 -0.0000028414 0.0000357267 -0.0000110002 0.0000132558
frame00044.jpg -742013.2138806361 -5462219.7118601594 3198016.1604078664 0.0000116826 0.0000105603 -0.0000063746 0.0000816135 -0.0000287939 0.0000236291 -0.0020983224 4.5915856361 0.0325768217 0.0154366642 0.0000085170 0.0000040132 -0.0000029946 0.0000357981 -0.0000110122 0.0000133651
frame00045.jpg -742013.7319511388 -5462219.5695643062 3198016.2955019372 0.0000116579 0.0000104578 -0.0000063369 0.0000813976 -0.0000284154 0.0000233318 0.1051856056 4.2720398903 0.0322869904 0.0147835156 0.0000083349 0.0000039286 -0.0000028599 0.0000358543 -0.0000110200 0.0000133407
frame00046.jpg -742014.3308016275 -5462219.3735605367 3198016.4329469907 0.0000115560 0.0000104067 -0.0000062745 0.0000807346 -0.0000282441 0.0000232329 0.0731339902 4.1622924805 0.0324197076 0.0144671444 0.0000083196 0.0000039766 -0.0000028918 0.0000358493 -0.0000110315 0.0000133289
frame00047.jpg -742014.9702337844 -5462219.2059546988 3198016.5829949877 0.0000114197 0.0000101835 -0.0000061295 0.0000812295 -0.0000283893 0.0000232926 0.1504769921 4.2694072723 0.0320248269 0.0148526775 0.0000082044 0.0000038810 -0.0000028076 0.0000357761 -0.0000110195 0.0000133557
frame00048.jpg -742015.6781656137 -5462218.9560332783 3198016.7462635613 0.0000115502 0.0000104012 -0.0000062310 0.0000815051 -0.0000285168 0.0000233826 0.1132298708 4.6275553703 0.0323188677 0.0156667847 0.0000083992 0.0000040180 -0.0000028874 0.0000360026 -0.0000110538 0.0000133934
frame00049.jpg -742016.2799590118 -5462218.7479847474 3198016.8953738799 0.0000117749 0.0000109223 -0.0000064370 0.0000818341 -0.0000286824 0.0000235862 0.0729453117 4.5042047501 0.0324649774 0.0153853642 0.0000084037 0.0000040066 -0.0000028463 0.0000360707 -0.0000109702 0.0000133317
frame00050.jpg -742016.8423110317 -5462218.7199686728 3198016.9444721532 0.0000115612 0.0000105086 -0.0000063548 0.0000814370 -0.0000287237 0.0000237195 0.0866602510 3.8373808861 0.0324030630 0.0139431236 0.0000083132 0.0000039853 -0.0000028984 0.0000358481 -0.0000110830 0.0000134695
frame00051.jpg -742017.3756211902 -5462218.6659223456 3198016.9164431249 0.0000116398 0.0000105942 -0.0000063833 0.0000807999 -0.0000283390 0.0000233744 0.1956808120 3.5182878971 0.0317036025 0.0140330084 0.0000082925 0.0000039459 -0.0000028554 0.0000357146 -0.0000109897 0.0000133198
frame00052.jpg -742017.8122919177 -5462218.6611947436 3198016.9193661422 0.0000118992 0.0000108657 -0.0000065587 0.0000812616 -0.0000285339 0.0000235061 0.0945139900 3.2699999809 0.0323473401 0.0142501406 0.0000085055 0.0000040502 -0.0000029837 0.0000358642 -0.0000109957 0.0000133785
frame00053.jpg -742017.9697046999 -5462218.6012184955 3198016.8722885782 0.0000117526 0.0000106532 -0.0000064111 0.0000822623 -0.0000284225 0.0000234055 0.0536888391 2.8661873341 0.0324945897 0.0150076430 0.0000083302 0.0000038864 -0.0000028819 0.0000360853 -0.0000108903 0.0000133444
frame00054.jpg -742017.9342334917 -5462218.5851201825 3198016.8479557391 0.0000114428 0.0000102414 -0.0000061536 0.0000808829 -0.0000281959 0.0000231692 -0.0602137409 2.7230951786 0.0325185433 0.0152456593 0.0000083017 0.0000039621 -0.0000028540 0.0000357076 -0.0000109737 0.0000132797
frame00055.jpg -742018.0064659112 -5462218.5958029209 3198016.8455903642 0.0000116257 0.0000105612 -0.0000063434 0.0000810159 -0.0000284180 0.0000234852 0.0696563348 2.9726097584 0.0325117297 0.0149029857 0.0000085691 0.0000040820 -0.0000030449 0.0000359352 -0.0000110941 0.0000134929
frame00056.jpg -742018.1059975659 -5462218.5492963307 3198016.8854731908 0.0000115762 0.0000105240 -0.0000063316 0.0000811310 -0.0000284342 0.0000233730 0.0259536430 3.2634043694 0.0324619114 0.0140258120 0.0000082746 0.0000039555 -0.0000028560 0.0000357120 -0.0000109319 0.0000132818
frame00057.jpg -742018.1541664896 -5462218.5463747438 3198016.9008357837 0.0000115999 0.0000103419 -0.0000063176 0.0000813483 -0.0000284957 0.0000234465 0.0000000000 0.0000000000 0.0000000000 0.0000000000 0.0000000000 0.0000000000 0.0000000000 0.0000000000 0.0000000000 0.0000000000
frame00058.jpg -742018.1895212008 -5462218.5255020242 3198016.9017668911 0.0000117370 0.0000107282 -0.0000064289 0.0000814948 -0.0000286868 0.0000235387 0.1389618963 3.3494260311 0.0321164243 0.0140798036 0.0000083353 0.0000039932 -0.0000028829 0.0000357979 -0.0000110394 0.0000133542
frame00059.jpg -742018.5408290894 -5462218.4503465006 3198016.9338629646 0.0000116302 0.0000104712 -0.0000062604 0.0000817867 -0.0000286733 0.0000234918 0.0598170832 3.7156939507 0.0324979834 0.0138877658 0.0000084825 0.0000039907 -0.0000029487 0.0000359135 -0.0000110431 0.0000134076
frame00060.jpg -742018.9573275490 -5462218.3694129521 3198017.0126820174 0.0000116139 0.0000102727 -0.0000062146 0.0000821162 -0.0000288886 0.0000237932 0.0819176584 3.8525836468 0.0322650708 0.0139135309 0.0000082505 0.0000038840 -0.0000028167 0.0000356520 -0.0000109048 0.0000132264
frame00061.jpg -742019.4794475103 -5462218.3012224473 3198016.9631398437 0.0000115117 0.0000104002 -0.0000062591 0.0000806322 -0.0000281146 0.0000232120 0.0781555548 3.9323482513 0.0323212892 0.0140382042 0.0000082991 0.0000040085 -0.0000028931 0.0000356998 -0.0000109319 0.0000132791
frame00062.jpg -742020.1502938702 -5462218.2222137488 3198016.8994441647 0.0000115910 0.0000102959 -0.0000062722 0.0000812298 -0.0000281824 0.0000232390 0.0556039810 3.8053522110 0.0324176922 0.0139019862 0.0000083213 0.0000039669 -0.0000028493 0.0000357831 -0.0000109364 0.0000133095
frame00063.jpg -742020.7314090552 -5462218.3296813685 3198016.6376807694 0.0000117750 0.0000105397 -0.0000064155 0.0000817905 -0.0000286663 0.0000235891 0.0981826857 3.2304213047 0.0323197432 0.0142586753 0.0000084040 0.0000039628 -0.0000029036 0.0000358457 -0.0000109922 0.0000134327
frame00064.jpg -742020.9156838176 -5462218.4871862419 3198016.2749866536 0.0000116120 0.0000104143 -0.0000063161 0.0000808170 -0.0000283471 0.0000233240 -0.0491533652 2.4402742386 0.0325937420 0.0158595629 0.0000083316 0.0000039573 -0.0000028863 0.0000358698 -0.0000110080 0.0000133372
frame00065.jpg -742021.0111940250 -5462218.6055739215 3198016.0017791074 0.0000116735 0.0000103845 -0.0000063419 0.0000811658 -0.0000283929 0.0000234420 -0.0933839530 1.9241396189 0.0324948281 0.0161898509 0.0000082988 0.0000038725 -0.0000027917 0.0000357990 -0.0000109810 0.0000133257
frame00066.jpg -742021.1239304779 -5462218.6303168880 3198016.0065804846 0.0000119187 0.0000108172 -0.0000065978 0.0000825403 -0.0000291876 0.0000238992 0.1217792556 1.7656928301 0.0322112776 0.0161412433 0.0000084355 0.0000039379 -0.0000029327 0.0000358600 -0.0000110049 0.0000133539
frame00067.jpg -742021.1211859778 -5462218.6443901695 3198016.0034332131 0.0000114261 0.0000101641 -0.0000061262 0.0000819070 -0.0000289436 0.0000236790 0.1986735165 1.7502748966 0.0317967646 0.0162867960 0.0000083303 0.0000039139 -0.0000028527 0.0000359607 -0.0000111064 0.0000134001
frame00068.jpg -742021.1020055690 -5462218.6450420273 3198015.9873950696 0.0000114602 0.0000102160 -0.0000061735 0.0000807538 -0.0000281405 0.0000231466 0.0716771707 1.8749303818 0.0330980159 0.0161665492 0.0000083517 0.0000041730 -0.0000029349 0.0000373389 -0.0000116093 0.0000135921
frame00069.jpg -742021.0470492658 -5462218.6521305377 3198015.9412255599 0.0000118112 0.0000107729 -0.0000064696 0.0000817609 -0.0000287620 0.0000235604 -0.0042182235 1.7407000065 0.0327286273 0.0159894451 0.0000084954 0.0000039958 -0.0000029329 0.0000361297 -0.0000111522 0.0000134427
frame00070.jpg -742021.2869830193 -5462218.7316168156 3198015.7454954423 0.0000139551 0.0000138604 -0.0000048132 0.0000928476 -0.0000279688 0.0000245356 -0.0131130442 1.5437498093 0.0327116624 0.0157000441 0.0000083695 0.0000039086 -0.0000028014 0.0000361583 -0.0000111041 0.0000134245
frame00071.jpg -742021.3100462122 -5462218.8393648835 3198015.6713177841 0.0000150137 0.0000154014 -0.0000043225 0.0000969467 -0.0000277944 0.0000254145 0.0140984701 1.7001239061 0.0325541496 0.0159426946 0.0000083712 0.0000039769 -0.0000028980 0.0000358412 -0.0000109906 0.0000133724
frame00072.jpg -742021.3100462122 -5462218.8393648835 3198015.6713177841 0.0000150137 0.0000154014 -0.0000043225 0.0000969467 -0.0000277944 0.0000254145 0.1189235896 1.9318851233 0.0322865918 0.0162752364 0.0000083746 0.0000038389 -0.0000028359 0.0000360260 -0.0000110756 0.0000133682
frame00073.jpg 0.0000000000 0.0000000000 0.0000000000 0.0000000000 0.0000000000 0.0000000000 0.0000000000 0.0000000000 0.0000000000 0.1795908213 1.7409431934 0.0320665762 0.0162323061 0.0000084372 0.0000040035 -0.0000028867 0.0000362821 -0.0000111978 0.0000134241
frame00074.jpg 0.0000000000 0.0000000000 0.0000000000 0.0000000000 0.0000000000 0.0000000000 0.0000000000 0.0000000000 0.0000000000 0.1955465823 1.8793190718 0.0317844637 0.0164029673 0.0000083771 0.0000039619 -0.0000028573 0.0000359114 -0.0000110465 0.0000133468
frame00075.jpg 0.0000000000 0.0000000000 0.0000000000 0.0000000000 0.0000000000 0.0000000000 0.0000000000 0.0000000000 0.0000000000 0.1845833212 1.7548280954 0.0319258533 0.0162874311 0.0000084824 0.0000039020 -0.0000029011 0.0000360591 -0.0000110986 0.0000134018
frame00076.jpg 0.0000000000 0.0000000000 0.0000000000 0.0000000000 0.0000000000 0.0000000000 0.0000000000 0.0000000000 0.0000000000 0.1298243105 1.8840749264 0.0322150886 0.0162040461 0.0000083416 0.0000039376 -0.0000027992 0.0000359683 -0.0000110697 0.0000133343
frame00077.jpg 0.0000000000 0.0000000000 0.0000000000 0.0000000000 0.0000000000 0.0000000000 0.0000000000 0.0000000000 0.0000000000 0.1174704880 2.0324640274 0.0323871002 0.0163436383 0.0000084277 0.0000039632 -0.0000028647 0.0000362356 -0.0000111156 0.0000134437
frame00078.jpg 0.0000000000 0.0000000000 0.0000000000 0.0000000000 0.0000000000 0.0000000000 0.0000000000 0.0000000000 0.0000000000 0.1366008669 2.1141414642 0.0321513824 0.0164156165 0.0000085035 0.0000039748 -0.0000029763 0.0000359116 -0.0000109936 0.0000133638
frame00079.jpg 0.0000000000 0.0000000000 0.0000000000 0.0000000000 0.0000000000 0.0000000000 0.0000000000 0.0000000000 0.0000000000 0.1143933088 2.0436236858 0.0322878510 0.0163126588 0.0000083164 0.0000038225 -0.0000028196 0.0000359993 -0.0000110424 0.0000133772
frame00080.jpg 0.0000000000 0.0000000000 0.0000000000 0.0000000000 0.0000000000 0.0000000000 0.0000000000 0.0000000000 0.0000000000 0.1879251599 1.7866833210 0.0319272801 0.0163932275 0.0000084143 0.0000038869 -0.0000028812 0.0000361953 -0.0000110635 0.0000134047
frame00081.jpg -742017.2566427737 -5462219.9749596305 3198015.4257003181 0.0000117005 0.0000106032 -0.0000064173 0.0000846348 -0.0000299457 0.0000242651 0.1939225942 1.7442628145 0.0318708234 0.0163051244 0.0000083445 0.0000038993 -0.0000028683 0.0000360465 -0.0000111328 0.0000134626
frame00082.jpg -742016.6994295230 -5462220.0605631107 3198015.3922393280 0.0000115308 0.0000103074 -0.0000062457 0.0000806170 -0.0000281602 0.0000232392 0.1600885838 1.6836831570 0.0320741646 0.0161571559 0.0000084132 0.0000040008 -0.0000029328 0.0000359566 -0.0000110906 0.0000135040
frame00083.jpg -742016.0521736473 -5462220.2050655345 3198015.3102022177 0.0000118351 0.0000107720 -0.0000064428 0.0000828920 -0.0000291847 0.0000237851 0.1006630883 1.7914408445 0.0323868953 0.0161658041 0.0000083298 0.0000038584 -0.0000028592 0.0000360040 -0.0000111010 0.0000134818
frame00084.jpg -742015.4854696667 -5462220.3134100130 3198015.2674776283 0.0000119637 0.0000108098 -0.0000065486 0.0000832910 -0.0000292672 0.0000240044 0.0335611813 1.9799796343 0.0326379091 0.0161560997 0.0000083953 0.0000039949 -0.0000028693 0.0000360558 -0.0000111386 0.0000134206
frame00085.jpg -742015.0441493732 -5462220.4956492661 3198015.0551973735 0.0000116092 0.0000102999 -0.0000062441 0.0000822461 -0.0000287539 0.0000235488 0.0289113764 2.2196931839 0.0326488465 0.0162071008 0.0000083572 0.0000038750 -0.0000028626 0.0000361450 -0.0000110790 0.0000134772
frame00086.jpg -742014.5446512406 -5462220.7530978043 3198014.7488426678 0.0000118540 0.0000103991 -0.0000063900 0.0000826535 -0.0000288801 0.0000237884 -0.0224666819 2.1872518063 0.0326377340 0.0162417442 0.0000084352 0.0000038659 -0.0000028966 0.0000360031 -0.0000110156 0.0000133909
frame00087.jpg -742013.9933419561 -5462221.0160237085 3198014.3589424663 0.0000119706 0.0000107265 -0.0000065420 0.0000825879 -0.0000291252 0.0000238059 0.0558804236 1.9875928164 0.0326828398 0.0162486043 0.0000085375 0.0000039814 -0.0000029296 0.0000362700 -0.0000112207 0.0000134980
frame00088.jpg -742013.4005407459 -5462221.2875930825 3198014.1057720585 0.0000121101 0.0000107850 -0.0000065664 0.0000851521 -0.0000296582 0.0000242164 0.0702839196 1.8834857941 0.0326624326 0.0162637979 0.0000085055 0.0000039745 -0.0000029062 0.0000363448 -0.0000112094 0.0000135825
frame00089.jpg -742012.8372035143 -5462221.5036737015 3198013.8560502757 0.0000116393 0.0000103615 -0.0000063782 0.0000825888 -0.0000292454 0.0000240420 0.2426099479 1.5419349670 0.0315907672 0.0161999334 0.0000085078 0.0000039380 -0.0000029668 0.0000362564 -0.0000112218 0.0000136074
frame00090.jpg -742012.2761333683 -5462221.6153941220 3198013.7731146733 0.0000114504 0.0000100437 -0.0000061234 0.0000814129 -0.0000283001 0.0000232389 0.2160246968 1.1784918308 0.0316702463 0.0152010908 0.0000083367 0.0000039261 -0.0000028754 0.0000360545 -0.0000110444 0.0000133882
frame00091.jpg -742011.7446802888 -5462221.5674021281 3198013.9790364020 0.0000117893 0.0000103295 -0.0000064057 0.0000818899 -0.0000285205 0.0000235268 0.2745350003 0.7708797455 0.0310872626 0.0145404311 0.0000084773 0.0000039436 -0.0000029826 0.0000358969 -0.0000109631 0.0000133719
frame00092.jpg -742011.3825847313 -5462221.4428735934 3198014.3239818811 0.0000117356 0.0000105106 -0.0000063965 0.0000823120 -0.0000288872 0.0000237943 0.1307834983 0.1690144241 0.0322202109 0.0141223390 0.0000083473 0.0000039664 -0.0000029193 0.0000359654 -0.0000110669 0.0000133752
frame00093.jpg -742011.2012734768 -5462221.2693469934 3198014.7022559592 0.0000116249 0.0000103157 -0.0000062425 0.0000830252 -0.0000292160 0.0000239177 0.2659990489 5.5918440819 0.0313415006 0.0164272971 0.0000083064 0.0000038009 -0.0000027902 0.0000362604 -0.0000112051 0.0000134919
frame00094.jpg -742011.2989890492 -5462221.3289503865 3198014.6247641467 0.0000151690 0.0000158507 -0.0000045877 0.0000979253 -0.0000276507 0.0000250440 0.1287373453 5.0565276146 0.0321229026 0.0162589774 0.0000082995 0.0000039363 -0.0000028323 0.0000357881 -0.0000109432 0.0000133001
frame00095.jpg -742011.3142107717 -5462221.3281389000 3198014.6122745997 0.0000153432 0.0000159077 -0.0000046191 0.0000989724 -0.0000281240 0.0000253724 0.0806773603 4.8499164581 0.0323926024 0.0160306692 0.0000083872 0.0000038722 -0.0000028712 0.0000359123 -0.0000109877 0.0000133801
frame00096.jpg -742011.3142107717 -5462221.3281389000 3198014.6122745997 0.0000153432 0.0000159077 -0.0000046191 0.0000989724 -0.0000281240 0.0000253724 0.1189422607 4.8518447876 0.0321863256 0.0160547066 0.0000083502 0.0000038577 -0.0000028794 0.0000358095 -0.0000109694 0.0000133262
frame00097.jpg -742011.3142107717 -5462221.3281389000 3198014.6122745997 0.0000153432 0.0000159077 -0.0000046191 0.0000989724 -0.0000281240 0.0000253724 0.1069894806 4.8759694099 0.0322819464 0.0161077827 0.0000083467 0.0000038897 -0.0000028346 0.0000360270 -0.0000109171 0.0000132642
frame00098.jpg -742011.3142107717 -5462221.3281389000 3198014.6122745997 0.0000153432 0.0000159077 -0.0000046191 0.0000989724 -0.0000281240 0.0000253724 0.0974955559 4.8355364799 0.0322284028 0.0159746241 0.0000082766 0.0000038887 -0.0000028078 0.0000357460 -0.0000108924 0.0000132392
frame00099.jpg -742011.3142107717 -5462221.3281389000 3198014.6122745997 0.0000153432 0.0000159077 -0.0000046191 0.0000989724 -0.0000281240 0.0000253724 0.1626078188 4.9081649780 0.0319336914 0.0161867365 0.0000082491 0.0000038670 -0.0000028314 0.0000358332 -0.0000109534 0.0000132383
frame00100.jpg -742011.3142107717 -5462221.3281389000 3198014.6122745997 0.0000153432 0.0000159077 -0.0000046191 0.0000989724 -0.0000281240 0.0000253724 0.2712074220 4.8125915527 0.0535001718 0.0207235683 0.0000129613 0.0000139105 -0.0000079485 0.0001056874 -0.0000378187 0.0000281642
frame00101.jpg -742011.3142107717 -5462221.3281389000 3198014.6122745997 0.0000153432 0.0000159077 -0.0000046191 0.0000989724 -0.0000281240 0.0000253724 0.3101026118 4.6864352226 0.0307405647 0.0164437909 0.0000083988 0.0000039187 -0.0000029123 0.0000358915 -0.0000110342 0.0000133889
frame00102.jpg -742011.3142107717 -5462221.3281389000 3198014.6122745997 0.0000153432 0.0000159077 -0.0000046191 0.0000989724 -0.0000281240 0.0000253724 0.2417421341 4.3328080177 0.0315365903 0.0153929088 0.0000084407 0.0000038539 -0.0000028341 0.0000361881 -0.0000111498 0.0000135446
frame00103.jpg -742011.3142107717 -5462221.3281389000 3198014.6122745997 0.0000153432 0.0000159077 -0.0000046191 0.0000989724 -0.0000281240 0.0000253724 0.2843711674 4.4098520279 0.0309929866 0.0156921018 0.0000083338 0.0000038182 -0.0000027992 0.0000359446 -0.0000109957 0.0000133426
frame00104.jpg -742014.3803230184 -5462220.0558728380 3198016.1691895146 0.0000117164 0.0000098910 -0.0000059678 0.0000896328 -0.0000331734 0.0000263970 0.3005074859 4.7866292000 0.0307987928 0.0165738668 0.0000082470 0.0000038934 -0.0000028209 0.0000358832 -0.0000109591 0.0000132805
frame00105.jpg -742014.4835236463 -5462220.2216244703 3198015.7454859260 0.0000117195 0.0000098129 -0.0000059153 0.0000890161 -0.0000328623 0.0000261340 0.1894868910 4.8199915886 0.0321232900 0.0162396748 0.0000083747 0.0000037708 -0.0000027812 0.0000367273 -0.0000112596 0.0000134441
frame00106.jpg -742014.5610134972 -5462220.5843425952 3198015.1514803134 0.0000115294 0.0000097002 -0.0000058508 0.0000879839 -0.0000326351 0.0000260082 0.2022041976 4.8769664764 0.0317266770 0.0163276512 0.0000082989 0.0000038030 -0.0000027656 0.0000360348 -0.0000109794 0.0000133041
frame00107.jpg -742014.7220233313 -5462220.8395809466 3198014.5859649139 0.0000118722 0.0000100368 -0.0000060855 0.0000905115 -0.0000334797 0.0000265470 0.1388476193 4.9334273338 0.0320907310 0.0161798690 0.0000082799 0.0000038877 -0.0000028321 0.0000358870 -0.0000109487 0.0000132530
frame00108.jpg -742014.8690636856 -5462221.0734750284 3198014.1667282591 0.0000115292 0.0000095915 -0.0000058299 0.0000885766 -0.0000327090 0.0000261454 0.1576116979 5.0253591537 0.0322522260 0.0164195765 0.0000084143 0.0000036968 -0.0000027625 0.0000364350 -0.0000112418 0.0000135630
frame00109.jpg -742015.0720074264 -5462221.2537433906 3198013.7621379653 0.0000117340 0.0000100097 -0.0000060178 0.0000893736 -0.0000332755 0.0000264450 0.0852982998 5.1194210052 0.0323692337 0.0162261724 0.0000082708 0.0000038342 -0.0000028084 0.0000359130 -0.0000110029 0.0000133314
frame00110.jpg -742015.2683495699 -5462221.4824069915 3198013.4232814987 0.0000116968 0.0000096734 -0.0000058641 0.0000895708 -0.0000331160 0.0000262802 0.1445732117 5.2294845581 0.0321008265 0.0163477231 0.0000082705 0.0000038607 -0.0000028295 0.0000359582 -0.0000110000 0.0000133164
frame00111.jpg -742015.6088384280 -5462221.4301110217 3198013.4070559237 0.0000118019 0.0000098318 -0.0000060363 0.0000889729 -0.0000329006 0.0000262140 0.0816110969 5.4940586090 0.0324720591 0.0161410999 0.0000084515 0.0000038965 -0.0000029058 0.0000360379 -0.0000110835 0.0000134720
frame00112.jpg -742016.1796801863 -5462221.3262488944 3198013.4655151535 0.0000115844 0.0000094822 -0.0000058081 0.0000893777 -0.0000331268 0.0000262634 0.1345206648 5.5540537834 0.0322320424 0.0161375571 0.0000083545 0.0000037955 -0.0000028784 0.0000361139 -0.0000110755 0.0000133870
frame00113.jpg -742016.7409466394 -5462221.1987155182 3198013.5329028899 0.0000117670 0.0000102072 -0.0000061050 0.0000887391 -0.0000327929 0.0000260381 0.1230074316 5.5853319168 0.0323240049 0.0159634892 0.0000083625 0.0000040343 -0.0000029329 0.0000360818 -0.0000111274 0.0000134080
frame00114.jpg -742017.4253897419 -5462221.1109069167 3198013.5667329864 0.0000120947 0.0000099118 -0.0000060549 0.0000925624 -0.0000344780 0.0000269914 0.1007133946 5.6764330864 0.0325690433 0.0159268975 0.0000085426 0.0000039691 -0.0000029187 0.0000364272 -0.0000112131 0.0000135672
frame00115.jpg 0.0000000000 0.0000000000 0.0000000000 0.0000000000 0.0000000000 0.0000000000 0.0000000000 0.0000000000 0.0000000000 0.0418563150 5.8832535744 0.0326712355 0.0153669715 0.0000084857 0.0000039782 -0.0000029142 0.0000362533 -0.0000111273 0.0000133926
frame00116.jpg 0.0000000000 0.0000000000 0.0000000000 0.0000000000 0.0000000000 0.0000000000 0.0000000000 0.0000000000 0.0000000000 0.0864363685 5.9018054008 0.0324644633 0.0152600901 0.0000083584 0.0000039681 -0.0000028848 0.0000360405 -0.0000111104 0.0000134374
frame00117.jpg 0.0000000000 0.0000000000 0.0000000000 0.0000000000 0.0000000000 0.0000000000 0.0000000000 0.0000000000 0.0000000000 0.1042316630 5.5804939270 0.0322285332 0.0160101000 0.0000084340 0.0000038892 -0.0000028720 0.0000357913 -0.0000109128 0.0000132873
frame00118.jpg 0.0000000000 0.0000000000 0.0000000000 0.0000000000 0.0000000000 0.0000000000 0.0000000000 0.0000000000 0.0000000000 0.1329989284 5.4873785973 0.0322845839 0.0162425805 0.0000085014 0.0000039469 -0.0000029240 0.0000361151 -0.0000111297 0.0000134943
frame00119.jpg 0.0000000000 0.0000000000 0.0000000000 0.0000000000 0.0000000000 0.0000000000 0.0000000000 0.0000000000 0.0000000000 0.2204664350 5.3009200096 0.0318067558 0.0166843720 0.0000084636 0.0000038572 -0.0000028447 0.0000364089 -0.0000112169 0.0000135977
frame00120.jpg -742016.2987228059 -5462220.6688944660 3198014.5415616953 0.0000116690 0.0000098071 -0.0000058786 0.0000889993 -0.0000328427 0.0000260184 0.1293741614 5.2760767937 0.0322310999 0.0163648035 0.0000084146 0.0000038455 -0.0000028553 0.0000361034 -0.0000110139 0.0000133132
frame00121.jpg -742016.1922129401 -5462220.4874998853 3198014.9561382430 0.0000115097 0.0000094074 -0.0000056631 0.0000881537 -0.0000323998 0.0000258240 0.2488210350 4.8316135406 0.0313965343 0.0164368395 0.0000083080 0.0000037470 -0.0000027623 0.0000361484 -0.0000110473 0.0000133378
frame00122.jpg -742016.1875156936 -5462220.1900558649 3198015.4738152991 0.0000115661 0.0000096312 -0.0000057944 0.0000882603 -0.0000325551 0.0000259170 0.3297247589 4.5388951302 0.0305868406 0.0162641872 0.0000083793 0.0000037788 -0.0000028214 0.0000361099 -0.0000110764 0.0000134413
frame00123.jpg -742016.1581071172 -5462219.9205044229 3198015.9714237703 0.0000115845 0.0000095998 -0.0000058567 0.0000893108 -0.0000331497 0.0000263445 0.2756394446 4.4920949936 0.0312381703 0.0160472803 0.0000085672 0.0000039999 -0.0000027803 0.0000363070 -0.0000110768 0.0000135226
frame00124.jpg -742016.1696912359 -5462219.5665026922 3198016.5222749189 0.0000116083 0.0000095957 -0.0000058523 0.0000884415 -0.0000325098 0.0000259294 0.2849505544 4.6775283813 0.0310344920 0.0163356271 0.0000083918 0.0000038758 -0.0000028298 0.0000360499 -0.0000110248 0.0000133689
frame00125.jpg -742016.5741317726 -5462219.2961475831 3198016.8345998679 0.0000116111 0.0000097182 -0.0000058476 0.0000890908 -0.0000330093 0.0000261645 0.2857168019 4.3406014442 0.0311384369 0.0155496066 0.0000082972 0.0000037776 -0.0000027528 0.0000363071 -0.0000111615 0.0000134421
frame00126.jpg -742017.0428777174 -5462218.9068210265 3198016.7901657368 0.0000115824 0.0000095997 -0.0000058414 0.0000886775 -0.0000327156 0.0000260342 0.1765746176 3.6442298889 0.0319305584 0.0139595587 0.0000082750 0.0000037467 -0.0000028053 0.0000360588 -0.0000110039 0.0000133970
frame00127.jpg -742017.5076726618 -5462218.6335254740 3198016.8414797005 0.0000117736 0.0000099061 -0.0000060083 0.0000896832 -0.0000331074 0.0000262894 0.1011026874 3.4240181446 0.0323531739 0.0138866035 0.0000082383 0.0000038377 -0.0000027930 0.0000359692 -0.0000110653 0.0000134403
frame00128.jpg -742017.9329797352 -5462218.5277676312 3198016.8280754527 0.0000116791 0.0000097820 -0.0000058744 0.0000889828 -0.0000328165 0.0000261634 0.1114481837 3.1124613285 0.0324162282 0.0146070560 0.0000084316 0.0000037228 -0.0000028234 0.0000363058 -0.0000111205 0.0000134358
frame00129.jpg -742018.4206429033 -5462218.5084605254 3198016.7123009819 0.0000117945 0.0000098247 -0.0000059966 0.0000899906 -0.0000334096 0.0000263882 0.0997776389 2.7918777466 0.0324214399 0.0152803846 0.0000084366 0.0000039806 -0.0000029232 0.0000361202 -0.0000110781 0.0000133986
frame00130.jpg -742018.8272839820 -5462218.6639857590 3198016.3494523666 0.0000117091 0.0000095652 -0.0000058268 0.0000901073 -0.0000333268 0.0000262334 -0.0807749480 2.4480047226 0.0325399376 0.0158938039 0.0000082709 0.0000037292 -0.0000027565 0.0000359699 -0.0000109617 0.0000132495
frame00131.jpg -742019.1833534411 -5462218.8418879015 3198015.9515554295 0.0000113957 0.0000093961 -0.0000056887 0.0000878348 -0.0000323621 0.0000257850 -0.0722126067 2.0671625137 0.0326095521 0.0162272528 0.0000082641 0.0000037642 -0.0000027978 0.0000359351 -0.0000110909 0.0000134235
frame00132.jpg -742019.4519592422 -5462219.0665243678 3198015.4793374334 0.0000115494 0.0000094948 -0.0000057806 0.0000886305 -0.0000325215 0.0000258840 -0.0797636881 1.7114033699 0.0324976929 0.0160138197 0.0000082573 0.0000038146 -0.0000027972 0.0000358767 -0.0000108901 0.0000132498
frame00133.jpg -742019.5739128600 -5462219.3317763526 3198015.2149567120 0.0000115608 0.0000096984 -0.0000058333 0.0000878404 -0.0000324126 0.0000258953 0.0084820958 1.4058084488 0.0324587785 0.0153790331 0.0000082594 0.0000038204 -0.0000027852 0.0000357359 -0.0000108702 0.0000132571
frame00134.jpg -742019.7146319662 -5462219.5888935067 3198015.1491277465 0.0000116251 0.0000097760 -0.0000058743 0.0000881721 -0.0000324572 0.0000258813 0.1161226332 1.2395541668 0.0321624726 0.0150610674 0.0000082697 0.0000038508 -0.0000028280 0.0000357947 -0.0000109036 0.0000132554
frame00135.jpg -742019.8111095894 -5462219.7973195072 3198014.8752515311 0.0000116034 0.0000096902 -0.0000058515 0.0000885336 -0.0000326530 0.0000259858 0.1405691952 0.8976524472 0.0322390459 0.0143839093 0.0000083298 0.0000038075 -0.0000028304 0.0000362089 -0.0000110883 0.0000134854
frame00136.jpg -742019.7547347462 -5462220.2472662814 3198014.1489790180 0.0000115214 0.0000095591 -0.0000057808 0.0000883781 -0.0000325558 0.0000258888 0.0533107556 0.5269330144 0.0325158164 0.0137751633 0.0000083132 0.0000037914 -0.0000028383 0.0000359979 -0.0000110390 0.0000133843
frame00137.jpg -742020.3595184012 -5462219.7807418127 3198014.3424847014 0.0000117906 0.0000099025 -0.0000060802 0.0000879842 -0.0000325297 0.0000260393 -0.0371067002 5.9936547279 0.0327118970 0.0150950802 0.0000084658 0.0000039400 -0.0000028882 0.0000361079 -0.0000111057 0.0000134383
frame00138.jpg -742020.4433958819 -5462219.3935699509 3198014.4764864026 0.0000118417 0.0000100547 -0.0000059895 0.0000905948 -0.0000335251 0.0000265403 -0.1104550436 0.3803541064 0.0327680930 0.0139549822 0.0000083443 0.0000037510 -0.0000027390 0.0000365107 -0.0000112428 0.0000135556
frame00139.jpg -742019.6465308508 -5462219.5332280267 3198014.2256899453 0.0000117862 0.0000090009 -0.0000056383 0.0000923802 -0.0000343369 0.0000268853 -0.0874269083 1.0999644995 0.0329308398 0.0147345951 0.0000084650 0.0000035122 -0.0000027140 0.0000368341 -0.0000113544 0.0000135451
frame00140.jpg -742018.4751845900 -5462219.7034128215 3198014.1468316712 0.0000118698 0.0000082841 -0.0000051891 0.0000974321 -0.0000365830 0.0000276603 -0.0416088663 1.0976724625 0.0334554985 0.0147209745 0.0000086182 0.0000031010 -0.0000025561 0.0000381116 -0.0000117411 0.0000136743
frame00141.jpg -742017.2679901081 -5462219.8071825346 3198014.2774380781 0.0000116218 0.0000092085 -0.0000055671 0.0000904393 -0.0000333805 0.0000263377 0.0805677474 1.1240221262 0.0326913297 0.0148438318 0.0000084530 0.0000036535 -0.0000027263 0.0000366999 -0.0000112245 0.0000134931
frame00142.jpg -742016.1716664763 -5462219.7977841999 3198014.4313225043 0.0000116476 0.0000097108 -0.0000058979 0.0000898288 -0.0000333253 0.0000263541 0.1328257471 1.1142659187 0.0335465185 0.0148785152 0.0000087022 0.0000029526 -0.0000024393 0.0000392675 -0.0000123909 0.0000139501
frame00143.jpg -742015.3179167580 -5462219.5641360776 3198014.4241300062 0.0000121436 0.0000097448 -0.0000058740 0.0000960922 -0.0000357371 0.0000274304 0.1034821346 0.9867115617 0.0329570808 0.0145008191 0.0000084027 0.0000034114 -0.0000026094 0.0000375194 -0.0000116345 0.0000135882
frame00144.jpg -742015.2199035381 -5462219.4841439398 3198014.4027974056 0.0000121432 0.0000076836 -0.0000049448 0.0001014511 -0.0000382322 0.0000287344 0.0142078549 0.9943127036 0.0337330289 0.0145004569 0.0000086062 0.0000030269 -0.0000024450 0.0000386509 -0.0000121886 0.0000138791
frame00145.jpg -742015.2102674048 -5462219.4729900509 3198014.4064940740 0.0000116793 0.0000097488 -0.0000058662 0.0000890906 -0.0000325431 0.0000260985 0.0454889163 1.0390995741 0.0325665474 0.0146492412 0.0000084401 0.0000038851 -0.0000028724 0.0000361549 -0.0000109400 0.0000134659
frame00146.jpg -742015.2087135409 -5462219.4730283730 3198014.4067148087 0.0000116684 0.0000096585 -0.0000058866 0.0000896320 -0.0000333450 0.0000264733 0.0403375626 1.0504614115 0.0325661637 0.0145555930 0.0000082708 0.0000038164 -0.0000028114 0.0000359850 -0.0000110753 0.0000134589
frame00147.jpg -742015.2119463892 -5462219.4780669501 3198014.4055688130 0.0000115776 0.0000095809 -0.0000058679 0.0000886709 -0.0000326720 0.0000260393 0.0395945609 1.0523849726 0.0325026438 0.0145363715 0.0000082617 0.0000037804 -0.0000028166 0.0000358952 -0.0000109909 0.0000133904
frame00148.jpg -742015.2099906156 -5462219.4707232416 3198014.4045795202 0.0000118546 0.0000099095 -0.0000060057 0.0000892566 -0.0000329328 0.0000263234 0.0303466320 1.0425122976 0.0325897522 0.0145896086 0.0000085358 0.0000039368 -0.0000029399 0.0000360446 -0.0000109881 0.0000134304
frame00149.jpg -742015.2093593250 -5462219.4778882843 3198014.4092980917 0.0000118975 0.0000098165 -0.0000060651 0.0000896897 -0.0000332494 0.0000264020 0.0425861217 1.0423430204 0.0326059088 0.0145465638 0.0000084522 0.0000037788 -0.0000028513 0.0000361359 -0.0000110853 0.0000134353
frame00150.jpg -742015.2098361024 -5462219.4741808344 3198014.4058114961 0.0000117702 0.0000098236 -0.0000059824 0.0000891104 -0.0000329197 0.0000261441 0.0302133523 1.0447762012 0.0325084105 0.0145290205 0.0000083486 0.0000038382 -0.0000028178 0.0000358637 -0.0000109787 0.0000133279
